0 181 270 293 208 
1 181 269 292 210 
2 181 269 292 209 
3 180 269 293 210 
4 180 269 292 210 
5 197 272 272 210 
6 200 273 313 207 
7 198 272 316 210 
8 199 272 315 209 
9 198 271 317 210 
10 201 271 310 210 
11 201 271 311 208 
12 195 268 275 214 
13 195 269 275 213 
14 201 272 311 209 
15 201 273 312 208 
16 201 273 313 207 
17 204 273 308 208 
18 201 273 313 208 
19 202 273 314 210 
20 201 272 316 210 
21 200 272 317 209 
22 200 273 317 210 
23 199 273 316 209 
24 200 273 314 209 
25 200 274 315 209 
26 200 274 315 209 
27 199 276 315 208 
28 200 274 314 211 
29 187 268 293 217 
30 184 267 298 218 
31 197 267 328 215 
32 196 264 328 211 
33 200 241 315 236 
34 200 238 313 240 
35 195 233 320 248 
36 200 228 314 256 
37 201 226 312 256 
38 197 224 325 256 
39 511 251 72 63 199 222 321 257 
40 511 251 71 63 199 219 324 258 
41 510 250 72 64 201 219 325 259 
42 511 250 72 64 205 217 324 262 
43 503 248 66 64 206 216 324 264 
44 510 250 73 65 204 217 330 263 
45 510 249 74 65 205 218 331 260 
46 511 249 72 65 202 220 340 260 
47 510 250 74 65 204 222 341 259 
48 510 249 73 65 204 223 341 257 
49 510 250 73 65 205 227 341 254 
50 510 250 74 64 204 228 343 254 
51 503 249 65 64 204 229 344 252 
52 510 248 51 66 205 228 341 252 
53 502 249 66 64 205 230 340 251 
54 510 250 74 65 204 230 342 250 
55 503 249 66 65 203 231 344 248 
56 503 248 66 65 203 232 345 248 
57 502 249 66 65 201 233 350 247 
58 510 248 52 66 201 232 348 249 
59 502 249 66 64 201 232 350 248 
60 502 248 66 65 201 233 347 247 
61 501 249 66 64 202 233 347 247 
62 510 248 51 66 201 233 347 246 
63 510 248 51 66 201 233 347 247 
64 509 248 51 66 202 234 347 246 
65 511 248 51 65 201 233 348 247 
66 511 249 50 64 200 234 350 246 
67 503 249 64 64 199 236 349 243 
68 511 248 50 65 198 240 348 238 
69 511 249 50 63 201 253 340 227 
70 512 249 49 63 202 255 335 224 
71 512 249 49 63 201 262 326 216 
72 513 249 49 63 199 268 323 213 
73 513 249 49 62 257 292 89 101 208 272 306 213 
74 257 294 94 97 513 249 49 62 205 282 304 198 
75 513 249 49 62 208 283 302 197 
76 513 249 48 62 208 284 298 195 
77 208 285 299 194 
78 512 249 49 63 206 284 302 194 
79 512 249 49 62 209 284 299 195 
80 209 283 299 196 
81 513 249 49 63 207 281 302 199 
82 512 249 49 63 207 280 303 201 
83 512 249 49 62 204 273 307 209 
84 512 249 50 63 206 271 318 210 
85 510 248 51 65 206 267 317 210 
86 511 248 50 64 202 263 327 217 
87 512 248 50 65 215 237 305 242 
88 511 248 50 65 213 234 310 246 
89 510 247 51 65 204 228 325 254 
90 511 248 50 64 201 222 328 255 
91 512 248 50 63 198 218 330 259 
92 196 217 332 259 
93 511 248 50 64 194 214 332 263 
94 511 248 50 63 194 209 334 267 
95 511 248 50 64 193 210 335 265 
96 511 248 50 64 189 208 339 267 
97 511 248 50 64 190 209 337 266 
98 512 248 49 63 190 212 337 266 
99 512 248 50 64 190 212 338 267 
100 512 248 49 63 191 214 335 267 
101 512 248 50 63 189 218 334 266 
102 511 248 50 63 189 221 334 264 
103 188 226 337 257 
104 190 228 335 254 
105 188 235 341 246 
106 195 239 330 237 
107 194 241 336 233 
108 191 260 336 215 
109 189 268 339 208 
110 176 268 315 209 
111 180 273 303 206 
112 185 275 292 205 
113 202 278 310 203 
114 208 276 301 205 
115 209 277 301 205 
116 211 278 300 204 
117 213 278 297 204 
118 207 278 306 203 
119 209 278 301 204 
120 208 278 303 203 
121 206 279 305 203 
122 205 279 307 202 
123 208 278 302 203 
124 207 279 303 203 
125 208 278 300 204 
126 208 279 300 204 
127 212 278 293 204 
128 193 277 276 207 
129 194 278 273 205 
130 196 280 270 203 
131 510 248 50 64 195 280 271 202 
132 196 282 273 200 
133 200 289 306 190 
134 512 248 50 64 203 291 298 184 
135 512 248 50 64 210 292 289 187 
136 511 248 50 65 213 295 295 183 
137 211 298 314 179 
138 512 248 49 63 214 301 315 176 
139 511 248 49 64 214 304 334 173 
140 511 248 50 64 216 307 373 169 
141 512 249 49 62 217 307 375 167 
142 512 249 49 63 222 307 364 169 
143 512 248 48 63 222 307 367 169 
144 512 248 48 63 224 309 367 168 
145 513 248 48 63 225 308 366 167 
146 511 248 49 63 224 309 369 167 
147 512 248 48 63 223 308 370 168 
148 511 248 49 64 219 306 375 171 
149 511 248 49 63 211 304 347 172 
150 511 248 50 63 208 296 343 180 
151 510 248 50 64 214 288 317 191 
152 509 248 50 65 214 290 307 189 
153 508 248 50 64 212 287 310 193 
154 508 247 50 64 205 276 322 204 
155 259 297 86 94 509 248 50 64 207 270 318 209 
156 511 248 49 64 196 262 341 214 
157 511 248 50 65 205 238 316 240 
158 509 247 51 66 205 233 315 248 
159 509 247 51 65 199 232 324 251 
160 510 248 50 65 197 228 321 255 
161 511 248 50 65 194 228 324 255 
162 511 248 50 64 191 225 329 257 
163 511 248 50 65 188 225 332 255 
164 511 247 50 65 188 225 333 256 
165 510 248 51 65 190 225 328 256 
166 511 248 50 65 188 226 332 255 
167 511 248 50 64 189 227 331 253 
168 511 248 50 64 187 228 335 252 
169 186 227 338 253 
170 511 248 50 65 190 230 334 250 
171 510 248 50 64 198 233 318 245 
172 511 248 50 64 200 236 314 242 
173 511 248 50 65 192 259 337 217 
174 511 248 50 65 193 261 334 217 
175 512 248 50 64 194 265 329 213 
176 512 248 49 64 197 269 323 214 
177 510 247 50 65 199 273 317 209 
178 512 248 49 64 198 275 319 206 
179 513 249 48 63 203 281 304 199 
180 511 248 49 64 209 281 296 199 
181 512 248 49 64 204 284 301 195 
182 511 248 49 64 205 286 300 193 
183 512 248 49 64 204 287 300 192 
184 512 248 48 63 210 286 294 192 
185 211 287 292 191 
186 512 248 49 64 210 286 295 191 
187 511 247 50 64 212 287 293 190 
188 210 288 294 190 
189 211 288 292 190 
190 512 248 49 65 211 288 293 189 
191 511 247 49 65 211 288 294 189 
192 510 247 50 65 211 288 294 188 
193 512 248 49 65 210 289 294 187 
194 511 247 49 65 210 289 294 187 
195 512 247 49 65 210 289 294 187 
196 510 247 50 65 210 289 293 188 
197 512 248 49 64 211 289 292 188 
198 511 247 49 65 212 289 291 188 
199 512 247 49 65 210 289 294 189 
200 511 247 50 65 211 289 293 189 
201 511 247 49 65 212 289 292 189 
202 511 248 50 65 210 288 294 189 
203 513 248 49 64 210 289 294 188 
204 512 248 49 64 211 288 293 189 
205 512 248 49 65 211 289 293 188 
206 512 248 49 65 212 289 290 188 
207 511 248 50 65 212 289 291 188 
208 512 248 49 64 212 289 291 188 
209 512 248 49 65 213 288 291 187 
210 510 247 51 66 213 289 291 187 
211 511 248 50 65 213 289 293 186 
212 511 248 50 65 209 290 299 185 
213 512 248 49 64 209 291 301 184 
214 511 248 50 65 211 291 299 186 
215 512 249 49 64 211 292 303 187 
216 512 248 49 64 211 292 310 188 
217 512 248 49 64 213 291 308 188 
218 511 248 50 65 215 292 305 187 
219 511 248 50 64 215 293 311 187 
220 511 248 50 65 212 292 315 187 
221 510 248 50 65 212 291 317 187 
222 509 248 51 65 213 292 318 187 
223 510 247 50 65 213 290 315 188 
224 510 248 50 66 214 290 313 188 
225 510 247 51 66 215 290 312 188 
226 510 247 51 67 217 290 306 190 
227 510 246 51 68 217 289 303 191 
228 509 245 52 68 218 288 300 193 
229 508 245 52 69 215 287 302 193 
230 503 246 64 66 210 287 301 191 
231 509 244 52 68 213 282 294 198 
232 257 294 93 99 509 244 51 68 209 279 299 203 
233 510 244 50 67 214 275 293 209 
234 511 246 70 67 218 277 285 207 
235 217 276 283 207 
236 209 276 295 208 
237 196 272 272 214 
238 189 273 283 211 
239 186 272 289 211 
240 184 273 290 208 
241 181 274 294 207 
242 509 244 50 65 181 274 291 207 
243 509 243 49 66 179 275 288 208 
244 508 244 49 66 177 275 290 207 
245 509 243 49 66 177 275 291 207 
246 509 244 49 66 177 275 293 207 
247 509 244 49 66 180 276 289 207 
248 509 243 49 66 185 276 283 207 
249 510 244 49 66 184 277 284 208 
250 509 244 50 66 187 276 278 209 
251 509 244 50 66 188 276 275 210 
252 509 244 50 66 189 275 275 210 
253 509 244 50 67 189 275 275 210 
254 510 244 49 66 189 275 275 211 
255 510 243 50 66 190 274 273 212 
256 509 243 50 66 190 274 275 213 
257 509 243 50 66 191 274 272 213 
258 510 243 49 66 191 274 273 214 
259 508 243 51 66 191 274 271 213 
260 509 243 50 66 191 274 272 214 
261 509 243 50 66 191 274 270 214 
262 191 274 270 214 
263 507 243 51 66 188 275 278 209 
264 508 243 50 66 186 274 284 207 
265 508 243 50 65 182 273 290 207 
266 508 242 50 65 178 270 299 209 
267 507 242 49 65 179 265 296 215 
268 507 242 49 65 181 261 300 215 
269 506 242 50 65 196 264 331 212 
270 506 242 50 65 195 265 335 209 
271 506 241 49 65 205 264 318 213 
272 505 241 50 65 205 270 319 208 
273 503 242 51 65 210 277 320 204 
274 505 241 50 67 215 283 321 194 
275 504 241 50 66 221 279 320 198 
276 238 278 331 204 
277 494 244 84 213 246 277 321 204 
278 495 244 81 210 246 278 324 202 
279 502 251 89 201 247 278 327 202 
280 254 294 154 104 251 278 323 202 
281 252 277 322 203 
282 245 277 340 199 
283 244 265 331 211 
284 245 243 327 232 
285 240 235 338 247 
286 506 243 45 64 236 231 352 254 
287 504 242 47 62 233 230 354 253 
288 502 241 49 64 232 228 352 257 
289 502 241 49 63 230 225 354 260 
290 500 241 49 62 224 226 364 257 
291 498 241 50 62 224 226 358 257 
292 498 241 50 63 224 227 356 256 
293 496 241 51 63 212 231 348 251 
294 497 241 50 64 210 236 350 244 
295 496 241 52 65 204 259 344 216 
296 495 241 52 64 202 262 338 215 
297 496 241 51 63 205 276 325 198 
298 495 241 51 63 209 285 311 191 
299 496 241 50 64 216 288 292 189 
300 217 289 285 188 
301 213 290 289 186 
302 216 288 285 189 
303 218 288 283 192 
304 497 242 51 64 220 288 280 193 
305 498 241 50 63 219 287 278 193 
306 219 286 278 194 
307 499 241 50 63 221 286 277 195 
308 500 241 50 63 219 285 279 195 
309 500 241 50 63 218 285 279 195 
310 218 287 280 194 
311 501 241 49 64 218 287 280 194 
312 502 240 49 64 221 286 277 196 
313 220 287 280 194 
314 502 241 49 63 220 287 280 194 
315 501 241 50 63 220 287 280 194 
316 503 241 49 63 220 287 279 193 
317 502 241 49 63 217 288 284 190 
318 503 241 49 63 220 288 280 191 
319 503 241 49 64 218 289 284 188 
320 503 241 49 64 219 288 284 190 
321 502 241 50 64 216 287 289 191 
322 501 241 49 63 207 279 308 201 
323 502 241 49 63 262 287 91 97 216 274 297 209 
324 216 269 315 211 
325 500 241 50 63 214 262 314 215 
326 501 241 50 64 217 260 310 217 
327 208 259 320 219 
328 500 241 50 63 203 257 313 220 
329 501 241 50 63 199 237 316 242 
330 501 241 50 64 178 251 312 233 
331 501 241 50 63 180 249 306 237 
332 501 241 51 64 169 237 306 243 
333 501 241 51 64 159 232 316 251 
334 501 241 51 64 154 234 319 247 
335 500 242 51 63 141 232 331 250 
336 500 242 51 64 127 229 354 256 
337 500 242 51 64 122 228 363 259 
338 499 242 51 63 122 227 364 259 
339 500 242 50 63 114 226 378 260 
340 499 241 50 64 117 226 373 259 
341 498 241 50 64 120 222 367 265 
342 124 219 359 267 
343 138 217 336 268 
344 493 245 70 61 136 211 346 274 
345 492 245 71 61 136 214 347 272 
346 492 245 70 61 156 213 323 274 
347 492 245 70 60 158 213 323 276 
348 498 241 51 64 160 209 335 277 
349 187 204 334 282 
350 501 240 50 64 184 200 343 283 
351 501 240 50 64 195 205 340 277 
352 208 199 333 284 
353 502 240 51 65 212 201 335 279 
354 497 243 66 61 214 208 336 278 
355 495 244 67 58 216 215 375 267 
356 497 244 66 59 218 224 378 258 
357 222 221 380 264 
358 223 224 386 261 
359 235 230 363 253 
360 238 238 355 240 
361 234 261 354 213 
362 232 264 356 209 
363 511 240 43 52 240 276 349 202 
364 257 296 156 104 249 280 326 201 
365 249 280 323 200 
366 256 296 156 106 505 242 48 62 254 284 325 195 
367 502 242 50 63 251 295 340 182 
368 258 298 155 105 494 245 68 60 253 307 337 170 
369 259 297 154 106 493 245 69 59 253 308 338 170 
370 494 244 69 60 246 312 349 164 
371 496 244 67 61 245 314 351 162 
372 497 243 67 62 249 314 342 162 
373 497 243 66 61 247 313 343 163 
374 496 243 67 61 242 311 346 164 
375 496 243 67 61 243 312 346 163 
376 495 243 67 61 242 312 346 164 
377 495 243 67 61 240 314 349 163 
378 496 244 67 60 243 314 345 162 
379 496 244 67 61 242 314 348 162 
380 496 244 67 61 241 314 346 162 
381 497 244 67 61 240 313 350 163 
382 497 244 67 61 241 312 351 163 
383 496 244 68 61 241 311 351 164 
384 494 244 69 61 242 312 349 164 
385 494 244 69 61 242 312 348 164 
386 493 244 69 61 241 313 352 163 
387 494 244 69 61 241 312 351 163 
388 493 245 69 61 243 311 348 164 
389 492 245 69 60 242 311 351 163 
390 492 245 70 60 241 313 352 162 
391 493 245 69 60 241 312 351 163 
392 241 312 354 163 
393 241 311 352 164 
394 493 244 70 61 242 312 349 163 
395 493 245 69 60 242 312 349 163 
396 494 244 69 61 242 312 351 163 
397 495 244 68 61 241 312 352 162 
398 494 244 68 61 241 312 352 162 
399 494 245 68 61 241 312 351 163 
400 493 244 70 61 242 312 351 163 
401 493 244 70 62 242 313 348 163 
402 243 311 346 165 
403 243 312 352 163 
404 240 310 355 167 
405 240 302 352 176 
406 242 295 340 186 
407 242 288 334 192 
408 236 281 337 202 
409 231 276 351 206 
410 229 274 356 207 
411 223 273 375 201 
412 501 241 51 66 228 269 362 206 
413 233 264 350 212 
414 500 241 51 66 243 240 328 237 
415 501 241 50 65 239 232 336 250 
416 500 241 50 65 234 230 345 252 
417 231 225 350 256 
418 492 244 69 60 213 224 343 260 
419 210 222 345 265 
420 210 220 345 267 
421 211 214 339 271 
422 214 214 329 269 
423 212 213 331 267 
424 211 212 331 268 
425 210 211 329 268 
426 211 210 328 268 
427 212 211 328 268 
428 212 211 327 269 
429 211 211 327 268 
430 212 211 327 269 
431 211 211 328 270 
432 212 211 328 270 
433 213 211 326 270 
434 213 211 325 269 
435 212 212 326 269 
436 214 211 322 270 
437 213 210 322 270 
438 212 211 323 268 
439 210 210 325 268 
440 210 211 327 267 
441 212 211 324 266 
442 211 212 326 265 
443 212 211 322 266 
444 210 208 316 269 
445 209 208 318 270 
446 209 211 317 268 
447 204 220 320 259 
448 201 222 323 257 
449 496 241 52 63 193 225 327 258 
450 495 241 52 63 191 230 330 251 
451 495 241 52 63 191 234 326 247 
452 494 242 51 62 202 236 311 243 
453 494 242 50 61 199 238 318 239 
454 495 243 48 60 198 264 323 211 
455 196 274 321 198 
456 489 245 52 62 203 280 309 192 
457 488 245 52 62 193 276 271 205 
458 489 244 52 63 204 281 312 195 
459 489 245 51 62 204 283 313 194 
460 489 245 52 63 191 279 275 204 
461 190 278 275 206 
462 203 285 315 192 
463 189 279 277 205 
464 221 302 208 173 
465 222 302 207 174 
466 223 303 207 171 
467 223 301 209 172 
468 210 285 304 194 
469 212 285 298 194 
470 213 285 297 193 
471 213 285 297 194 
472 210 285 302 193 
473 211 285 301 192 
474 212 283 300 194 
475 209 283 306 194 
476 207 283 308 193 
477 206 284 313 194 
478 209 283 307 196 
479 206 283 309 194 
480 177 276 306 200 
481 175 271 315 205 
482 173 259 323 219 
483 174 250 320 233 
484 175 236 314 245 
485 175 229 313 257 
486 174 230 314 256 
487 171 226 319 262 
488 164 218 331 275 
489 170 222 323 266 
490 172 223 313 264 
491 171 222 314 265 
492 168 222 313 268 
493 163 223 321 266 
494 164 221 319 268 
495 489 247 69 56 154 227 330 261 
496 489 246 69 56 148 232 337 251 
497 488 247 69 56 145 235 339 246 
498 489 247 69 56 130 250 353 233 
499 489 247 67 55 126 255 356 223 
500 488 247 68 55 126 257 353 220 
501 488 247 69 55 108 237 345 243 
502 488 246 68 56 104 237 345 242 
503 488 246 68 55 102 238 346 240 
504 487 247 69 55 104 235 342 245 
505 487 247 68 55 106 233 338 247 
506 487 247 70 54 113 226 337 259 
507 487 247 69 55 147 226 315 257 
508 487 247 69 55 147 221 326 265 
509 487 246 69 55 159 215 315 274 
510 487 246 69 55 161 219 323 269 
511 486 246 69 55 165 215 327 274 
512 487 246 69 56 192 214 332 272 
513 487 246 70 55 193 213 326 269 
514 487 246 69 55 196 216 326 265 
515 487 247 70 55 206 218 321 263 
516 486 247 71 56 213 219 319 262 
517 485 247 72 55 212 225 322 256 
518 484 247 73 56 216 233 320 250 
519 484 247 74 56 221 240 313 238 
520 486 247 70 55 214 245 326 228 
521 488 246 68 56 205 262 336 210 
522 498 247 52 57 208 264 333 209 
523 501 247 48 56 207 272 332 202 
524 502 247 47 56 208 275 330 199 
525 501 247 48 55 209 278 320 196 
526 488 246 69 57 216 279 308 199 
527 486 247 70 55 218 284 302 194 
528 486 247 71 56 218 285 300 193 
529 486 247 70 56 218 284 296 194 
530 487 247 70 56 216 282 295 195 
531 488 246 69 57 212 280 296 198 
532 488 246 69 56 257 294 96 99 211 281 298 197 
533 256 294 94 98 488 246 68 56 207 277 304 207 
534 488 246 68 56 212 274 296 210 
535 488 246 68 56 215 274 292 210 
536 487 246 69 55 209 275 308 207 
537 487 246 69 55 208 274 305 207 
538 487 246 68 55 204 272 307 209 
539 487 247 69 55 206 273 301 208 
540 487 247 69 55 206 276 302 202 
541 487 247 69 55 187 272 291 209 
542 488 246 69 56 204 278 305 199 
543 487 247 69 55 205 277 303 200 
544 487 246 68 56 207 278 298 201 
545 487 246 67 56 207 278 299 200 
546 487 246 68 56 189 273 286 213 
547 487 246 68 56 187 273 289 211 
548 487 246 68 56 203 278 307 199 
549 487 246 68 56 207 279 304 197 
550 487 246 68 56 207 279 305 198 
551 487 246 68 56 189 275 281 208 
552 487 246 68 56 211 278 296 201 
553 487 246 68 56 209 279 302 202 
554 487 246 68 56 210 279 302 204 
555 487 246 68 56 207 279 304 203 
556 487 246 68 56 208 280 301 204 
557 487 246 68 56 207 280 301 204 
558 487 246 69 56 206 280 302 204 
559 487 246 68 56 207 281 302 202 
560 486 246 69 56 206 281 304 202 
561 487 246 68 56 207 280 302 203 
562 487 246 68 56 207 280 301 203 
563 487 246 68 57 206 280 303 203 
564 487 246 68 56 205 280 304 203 
565 487 246 69 56 207 280 302 203 
566 487 246 68 57 207 280 302 202 
567 487 246 69 56 206 280 303 202 
568 487 246 69 56 207 280 302 201 
569 487 246 68 56 208 280 302 202 
570 487 246 68 57 212 279 294 204 
571 487 246 69 57 213 280 293 202 
572 487 246 68 57 213 279 294 203 
573 487 246 68 57 213 279 293 202 
574 487 246 69 57 215 280 288 202 
575 487 247 68 56 213 279 292 203 
576 488 246 68 57 209 280 300 202 
577 487 246 69 57 210 279 299 202 
578 487 246 69 57 210 279 302 202 
579 488 246 68 57 207 279 308 201 
580 487 246 68 57 205 280 310 199 
581 488 246 68 57 205 280 311 199 
582 488 246 68 57 206 280 309 200 
583 487 247 69 57 205 280 310 199 
584 488 246 69 57 205 279 310 200 
585 488 246 68 57 208 278 303 201 
586 488 247 69 57 208 278 303 201 
